override = true

[requirement]
# specify the minimal version of rapfi this config suits to
min_version = [0,26,0]

#max_version = [0,26,0]

[general]
use_opening_book = false
reload_config_each_move = false

[eval]
# all values should be in range [-32768, 32767]

# model: 0 - raw, 1 - table1, 2 - table2
model = 2

table1 = [0,0,1,3,9,16,72,72,116,300,300,360]
table1_scale = 1.0
table1_min = 0
#table1_max = 

table2 = [
	0,0,0,0,1,2,9,9,15,36,36,40,
	0,0,0,1,2,9,9,15,36,36,40,
	0,0,1,2,9,9,15,37,37,40,
	1,2,3,10,10,17,38,38,42,
	3,4,12,12,18,40,40,44,
	5,13,13,20,42,42,46,
	23,23,30,54,54,58,
	23,30,54,54,58,
	38,63,63,67,
	90,90,94,
	90,94,
	99
]
table2_scale = 1.0
table2_min = 0
#table2_max = 

#raw - value corresponds to 4 patterns count:[1365]
raw = []

[score]
# all values should be in range [-32768, 32767]

# model: 0 - raw, 1 - table1, 2 - table2
model = 1

table1 = [-1,0,1,2,6,9,16,20,30,100,100,500]
table1_scale = 1.0

override = true

[requirement]
# specify the minimal version of rapfi this config suits to
min_version = [0,26,0]

#max_version = [0,26,0]

[general]
use_opening_book = false
reload_config_each_move = false

[eval]
# all values should be in range [-32768, 32767]

# model: 0 - raw, 1 - table1, 2 - table2
model = 2

table1 = [0,0,1,3,9,16,72,72,116,300,300,360]
table1_scale = 1.0
table1_min = 0
#table1_max = 

table2 = [
	0,0,0,1,2,3,11,11,21,41,35,48,
	0,0,1,2,3,11,11,21,41,35,48,
	0,1,2,3,12,12,21,41,35,48,
	2,3,4,14,14,21,44,37,51,
	4,6,16,16,23,46,40,54,
	8,18,18,26,49,43,57,
	30,30,38,64,57,72,
	30,38,64,57,72,
	47,73,66,82,
	101,101,111,
	101,111,
	120
]
table2_scale = 1
table2_min = 0
#table2_max = 

#raw - value corresponds to 4 patterns count:[1365]
raw = [0,0,0]

[score]
# all values should be in range [-32768, 32767]

# model: 0 - raw, 1 - table1, 2 - table2
model = 1

table1 = [-1,0,1,2,6,9,16,20,30,100,100,500]
table1_scale = 1.0

override = true

[requirement]
# specify the minimal version of rapfi this config suits to
min_version = [0,26,0]
#max_version = [0,26,0]

[general]
use_opening_book = false
reload_config_each_move = false

[eval]
# all values should be in range [-32768, 32767]

# model: 0 - raw, 1 - table1, 2 - table2
model = 0

#raw - value corresponds to 4 patterns count:[1365]
raw = [
    0,    0,    0,    1,    2,    3,   14,   14,   22,   54,   57,   66,
    0,    0,    1,    2,    3,   14,   15,   23,   55,   58,   67,    0,
    1,    2,    3,   14,   15,   24,   56,   59,   68,    2,    3,    5,
   17,   18,   27,   60,   63,   73,    5,    7,   20,   21,   31,   66,
   69,   79,    9,   23,   24,   34,   70,   73,   83,   40,   41,   53,
   94,   98,  109,   42,   54,   96,   99,  111,   68,  111,  115,  127,
  162,  166,  180,  171,  184,  198,    0,    0,    1,    2,    4,   15,
   15,   24,   56,   59,   68,    0,    1,    2,    4,   15,   16,   24,
   57,   60,   69,    2,    4,    5,   18,   18,   28,   62,   65,   74,
    6,    8,   21,   22,   32,   67,   71,   80,   10,   24,   25,   35,
   72,   75,   85,   42,   43,   55,   97,  101,  112,   44,   56,   98,
  102,  113,   70,  114,  118,  130,  166,  170,  183,  175,  188,  202,
    0,    1,    3,    4,   16,   16,   25,   58,   61,   70,    2,    4,
    6,   18,   19,   29,   63,   66,   76,    6,    8,   22,   23,   33,
   69,   72,   82,   10,   25,   26,   36,   73,   76,   87,   43,   44,
   57,   99,  103,  114,   45,   58,  100,  104,  115,   71,  116,  121,
  132,  168,  173,  187,  178,  191,  205,    4,    6,    8,   22,   23,
   33,   69,   72,   82,    9,   11,   26,   27,   37,   75,   78,   89,
   13,   29,   30,   41,   80,   83,   94,   49,   50,   63,  107,  111,
  123,   51,   64,  109,  113,  125,   79,  126,  130,  142,  180,  185,
  199,  190,  204,  218,   12,   14,   31,   31,   43,   82,   86,   96,
   17,   34,   35,   47,   87,   91,  102,   56,   57,   71,  117,  121,
  133,   58,   72,  118,  122,  134,   87,  136,  140,  153,  192,  197,
  212,  202,  217,  232,   20,   38,   39,   51,   92,   96,  107,   60,
   61,   76,  123,  127,  140,   63,   77,  125,  129,  141,   93,  143,
  147,  161,  201,  206,  221,  211,  226,  241,   88,   89,  106,  159,
  164,  178,   90,  107,  161,  166,  179,  125,  182,  187,  201,  247,
  252,  268,  258,  274,  291,   92,  109,  163,  167,  181,  127,  184,
  189,  203,  249,  254,  270,  260,  276,  293,  146,  206,  211,  227,
  274,  280,  297,  286,  303,  321,  351,  357,  376,  364,  383,  402,
  370,  390,  409,  429,    0,    0,    1,    3,    4,   15,   16,   25,
   57,   60,   69,    0,    1,    3,    4,   16,   16,   25,   58,   61,
   71,    2,    4,    6,   19,   19,   29,   63,   67,   76,    7,    8,
   22,   23,   33,   69,   73,   83,   11,   25,   26,   37,   74,   77,
   87,   44,   45,   57,  100,  104,  115,   46,   58,  101,  105,  116,
   72,  117,  121,  133,  170,  174,  188,  179,  192,  206,    1,    2,
    3,    5,   16,   17,   26,   59,   63,   72,    3,    5,    6,   20,
   20,   30,   65,   68,   78,    7,    9,   23,   24,   34,   71,   74,
   84,   11,   26,   27,   38,   75,   79,   89,   45,   46,   59,  102,
  106,  117,   47,   60,  103,  107,  119,   74,  120,  124,  136,  173,
  177,  191,  182,  196,  210,    5,    7,    9,   23,   24,   34,   71,
   74,   84,   10,   12,   28,   28,   39,   77,   81,   91,   14,   31,
   32,   43,   82,   86,   97,   52,   53,   66,  111,  115,  127,   54,
   67,  112,  116,  128,   82,  130,  134,  147,  185,  190,  204,  195,
  209,  223,   13,   15,   32,   33,   45,   85,   88,   99,   18,   36,
   37,   49,   90,   94,  105,   58,   59,   74,  120,  125,  137,   61,
   75,  122,  126,  138,   90,  140,  145,  158,  198,  203,  217,  208,
  222,  237,   21,   40,   41,   53,   96,   99,  111,   63,   64,   79,
  127,  132,  144,   66,   80,  129,  133,  146,   96,  148,  152,  165,
  206,  212,  227,  217,  232,  247,   92,   93,  110,  165,  169,  183,
   94,  112,  166,  171,  185,  130,  188,  193,  208,  254,  259,  276,
  265,  281,  298,   96,  113,  168,  173,  187,  132,  190,  195,  209,
  256,  261,  278,  267,  284,  301,  152,  213,  218,  233,  282,  288,
  305,  294,  311,  329,  360,  367,  386,  373,  393,  412,  380,  399,
  419,  439,    1,    2,    3,    5,   17,   18,   27,   61,   64,   73,
    3,    5,    7,   20,   21,   31,   66,   69,   79,    8,   10,   24,
   25,   36,   72,   76,   86,   12,   27,   28,   39,   77,   81,   91,
   47,   48,   61,  104,  108,  120,   49,   62,  106,  110,  121,   76,
  122,  127,  139,  176,  181,  194,  185,  199,  213,    5,    7,   10,
   24,   25,   35,   72,   76,   86,   10,   13,   29,   30,   41,   79,
   83,   93,   15,   32,   33,   45,   84,   88,   99,   53,   54,   68,
  114,  118,  130,   55,   69,  115,  119,  131,   84,  133,  137,  150,
  188,  193,  208,  198,  213,  227,   14,   16,   34,   35,   46,   87,
   90,  101,   19,   38,   38,   51,   92,   96,  107,   60,   61,   76,
  123,  128,  140,   63,   77,  125,  129,  142,   93,  143,  148,  161,
  201,  207,  221,  212,  227,  242,   22,   42,   42,   55,   98,  102,
  113,   65,   67,   82,  130,  135,  147,   68,   83,  132,  136,  149,
   99,  151,  156,  169,  211,  216,  231,  221,  236,  252,   94,   96,
  113,  168,  173,  187,   97,  115,  170,  175,  189,  134,  192,  197,
  212,  259,  264,  281,  270,  287,  304,   98,  116,  172,  177,  191,
  135,  194,  199,  214,  261,  266,  283,  272,  289,  306,  155,  217,
  223,  238,  287,  293,  311,  299,  317,  335,  366,  373,  392,  380,
  399,  419,  387,  406,  426,  447,    7,   10,   13,   29,   30,   41,
   79,   83,   93,   14,   16,   34,   35,   47,   87,   91,  102,   19,
   38,   39,   51,   93,   96,  107,   61,   62,   76,  124,  128,  141,
   63,   78,  125,  130,  142,   93,  144,  148,  162,  202,  207,  222,
  212,  227,  243,   18,   20,   39,   40,   53,   95,   99,  110,   24,
   44,   45,   58,  101,  105,  117,   68,   70,   85,  135,  139,  152,
   71,   86,  136,  141,  153,  103,  156,  160,  174,  216,  222,  237,
  227,  242,  258,   27,   48,   49,   63,  108,  112,  123,   74,   75,
   91,  142,  147,  160,   76,   92,  144,  148,  161,  110,  164,  169,
  183,  226,  231,  247,  237,  253,  269,  105,  107,  125,  183,  188,
  202,  108,  127,  184,  189,  204,  147,  208,  213,  228,  277,  283,
  300,  289,  306,  324,  109,  128,  186,  191,  206,  148,  210,  215,
  230,  279,  285,  302,  291,  309,  326,  169,  234,  240,  256,  307,
  314,  332,  320,  338,  357,  390,  397,  417,  403,  424,  444,  410,
  431,  451,  473,   22,   25,   46,   47,   60,  104,  108,  120,   29,
   50,   51,   65,  111,  115,  127,   77,   78,   94,  146,  151,  164,
   79,   96,  148,  152,  166,  113,  168,  173,  187,  231,  237,  253,
  242,  258,  275,   33,   55,   56,   71,  117,  122,  134,   83,   84,
  101,  154,  159,  173,   85,  102,  156,  161,  174,  121,  177,  182,
  196,  242,  247,  264,  253,  269,  286,  116,  118,  137,  197,  202,
  217,  119,  139,  199,  204,  219,  160,  223,  229,  245,  295,  301,
  319,  308,  325,  344,  121,  140,  201,  206,  221,  161,  225,  231,
  247,  298,  304,  322,  310,  328,  346,  184,  251,  257,  273,  327,
  333,  352,  340,  359,  378,  412,  419,  440,  427,  447,  468,  434,
  455,  476,  498,   36,   60,   61,   76,  125,  129,  141,   89,   90,
  108,  163,  167,  181,   92,  109,  164,  169,  183,  128,  186,  191,
  206,  253,  258,  275,  264,  281,  298,  124,  125,  145,  207,  212,
  228,  127,  147,  209,  214,  230,  169,  234,  239,  256,  308,  314,
  332,  320,  339,  357,  128,  149,  211,  216,  232,  170,  236,  241,
  258,  310,  316,  335,  323,  341,  360,  193,  262,  268,  285,  340,
  347,  366,  353,  373,  392,  427,  435,  456,  442,  463,  485,  449,
  471,  492,  515,  164,  166,  189,  258,  264,  281,  168,  191,  260,
  266,  283,  216,  288,  295,  313,  370,  377,  397,  384,  404,  425,
  170,  193,  263,  268,  286,  218,  291,  297,  315,  373,  380,  400,
  387,  407,  428,  244,  321,  327,  346,  407,  414,  435,  421,  442,
  464,  503,  511,  534,  519,  542,  565,  527,  550,  574,  598,  172,
  195,  265,  271,  288,  220,  293,  299,  317,  376,  383,  403,  390,
  410,  430,  246,  323,  330,  348,  410,  417,  438,  424,  445,  467,
  506,  514,  537,  522,  545,  569,  530,  553,  577,  601,  274,  355,
  361,  381,  445,  453,  474,  460,  482,  504,  546,  554,  578,  562,
  586,  611,  571,  595,  620,  645,  657,  666,  692,  675,  701,  728,
  684,  711,  738,  765,  694,  720,  747,  775,  803
]

[score]
# all values should be in range [-32768, 32767]

# model: 0 - raw, 1 - table1, 2 - table2
model = 1

table1 = [-1,0,1,2,6,9,16,20,30,100,100,500]
table1_scale = 1.0
